2 1000 0
5.000000 0.000000 
-5.000000 0.000000 
4.999999 0.002236 
-4.999999 -0.002236 
4.999997 0.004472 
-4.999997 -0.004472 
4.999994 0.006708 
-4.999994 -0.006708 
4.999990 0.008944 
-4.999990 -0.008944 
4.999986 0.011180 
-4.999986 -0.011180 
4.999979 0.013416 
-4.999979 -0.013416 
4.999972 0.015652 
-4.999972 -0.015652 
4.999964 0.017889 
-4.999964 -0.017889 
4.999955 0.020125 
-4.999955 -0.020125 
4.999945 0.022361 
-4.999945 -0.022361 
4.999934 0.024597 
-4.999934 -0.024597 
4.999922 0.026833 
-4.999922 -0.026833 
4.999909 0.029069 
-4.999909 -0.029069 
4.999896 0.031305 
-4.999896 -0.031305 
4.999881 0.033541 
-4.999881 -0.033541 
4.999865 0.035777 
-4.999865 -0.035777 
4.999847 0.038013 
-4.999847 -0.038013 
4.999829 0.040249 
-4.999829 -0.040249 
4.999810 0.042485 
-4.999810 -0.042485 
4.999790 0.044721 
-4.999790 -0.044721 
4.999769 0.046957 
-4.999769 -0.046957 
4.999747 0.049193 
-4.999747 -0.049193 
4.999724 0.051429 
-4.999724 -0.051429 
4.999701 0.053665 
-4.999701 -0.053665 
4.999676 0.055901 
-4.999676 -0.055901 
4.999650 0.058136 
-4.999650 -0.058136 
4.999622 0.060372 
-4.999622 -0.060372 
4.999594 0.062608 
-4.999594 -0.062608 
4.999565 0.064844 
-4.999565 -0.064844 
4.999535 0.067080 
-4.999535 -0.067080 
4.999504 0.069316 
-4.999504 -0.069316 
4.999472 0.071552 
-4.999472 -0.071552 
4.999439 0.073788 
-4.999439 -0.073788 
4.999405 0.076023 
-4.999405 -0.076023 
4.999371 0.078259 
-4.999371 -0.078259 
4.999335 0.080495 
-4.999335 -0.080495 
4.999298 0.082731 
-4.999298 -0.082731 
4.999259 0.084966 
-4.999259 -0.084966 
4.999220 0.087202 
-4.999220 -0.087202 
4.999180 0.089438 
-4.999180 -0.089438 
4.999139 0.091674 
-4.999139 -0.091674 
4.999097 0.093909 
-4.999097 -0.093909 
4.999054 0.096145 
-4.999054 -0.096145 
4.999011 0.098381 
-4.999011 -0.098381 
4.998966 0.100616 
-4.998966 -0.100616 
4.998920 0.102852 
-4.998920 -0.102852 
4.998873 0.105087 
-4.998873 -0.105087 
4.998825 0.107323 
-4.998825 -0.107323 
4.998775 0.109559 
-4.998775 -0.109559 
4.998725 0.111794 
-4.998725 -0.111794 
4.998674 0.114030 
-4.998674 -0.114030 
4.998622 0.116265 
-4.998622 -0.116265 
4.998569 0.118501 
-4.998569 -0.118501 
4.998516 0.120736 
-4.998516 -0.120736 
4.998461 0.122971 
-4.998461 -0.122971 
4.998405 0.125207 
-4.998405 -0.125207 
4.998348 0.127442 
-4.998348 -0.127442 
4.998290 0.129677 
-4.998290 -0.129677 
4.998230 0.131913 
-4.998230 -0.131913 
4.998170 0.134148 
-4.998170 -0.134148 
4.998109 0.136383 
-4.998109 -0.136383 
4.998047 0.138618 
-4.998047 -0.138618 
4.997984 0.140854 
-4.997984 -0.140854 
4.997921 0.143089 
-4.997921 -0.143089 
4.997856 0.145324 
-4.997856 -0.145324 
4.997790 0.147559 
-4.997790 -0.147559 
4.997723 0.149794 
-4.997723 -0.149794 
4.997655 0.152029 
-4.997655 -0.152029 
4.997586 0.154264 
-4.997586 -0.154264 
4.997516 0.156499 
-4.997516 -0.156499 
4.997445 0.158734 
-4.997445 -0.158734 
4.997373 0.160969 
-4.997373 -0.160969 
4.997300 0.163204 
-4.997300 -0.163204 
4.997226 0.165439 
-4.997226 -0.165439 
4.997151 0.167674 
-4.997151 -0.167674 
4.997075 0.169908 
-4.997075 -0.169908 
4.996998 0.172143 
-4.996998 -0.172143 
4.996920 0.174378 
-4.996920 -0.174378 
4.996841 0.176613 
-4.996841 -0.176613 
4.996761 0.178847 
-4.996761 -0.178847 
4.996680 0.181082 
-4.996680 -0.181082 
4.996598 0.183316 
-4.996598 -0.183316 
4.996515 0.185551 
-4.996515 -0.185551 
4.996431 0.187786 
-4.996431 -0.187786 
4.996346 0.190020 
-4.996346 -0.190020 
4.996260 0.192254 
-4.996260 -0.192254 
4.996173 0.194489 
-4.996173 -0.194489 
4.996085 0.196723 
-4.996085 -0.196723 
4.995996 0.198958 
-4.995996 -0.198958 
4.995906 0.201192 
-4.995906 -0.201192 
4.995815 0.203426 
-4.995815 -0.203426 
4.995723 0.205660 
-4.995723 -0.205660 
4.995630 0.207894 
-4.995630 -0.207894 
4.995536 0.210128 
-4.995536 -0.210128 
4.995441 0.212363 
-4.995441 -0.212363 
4.995345 0.214597 
-4.995345 -0.214597 
4.995248 0.216831 
-4.995248 -0.216831 
4.995151 0.219065 
-4.995151 -0.219065 
4.995051 0.221298 
-4.995051 -0.221298 
4.994951 0.223532 
-4.994951 -0.223532 
4.994850 0.225766 
-4.994850 -0.225766 
4.994748 0.228000 
-4.994748 -0.228000 
4.994645 0.230234 
-4.994645 -0.230234 
4.994541 0.232467 
-4.994541 -0.232467 
4.994436 0.234701 
-4.994436 -0.234701 
4.994330 0.236934 
-4.994330 -0.236934 
4.994224 0.239168 
-4.994224 -0.239168 
4.994116 0.241401 
-4.994116 -0.241401 
4.994007 0.243635 
-4.994007 -0.243635 
4.993896 0.245868 
-4.993896 -0.245868 
4.993785 0.248102 
-4.993785 -0.248102 
4.993673 0.250335 
-4.993673 -0.250335 
4.993560 0.252568 
-4.993560 -0.252568 
4.993446 0.254801 
-4.993446 -0.254801 
4.993331 0.257034 
-4.993331 -0.257034 
4.993216 0.259268 
-4.993216 -0.259268 
4.993099 0.261501 
-4.993099 -0.261501 
4.992981 0.263734 
-4.992981 -0.263734 
4.992862 0.265966 
-4.992862 -0.265966 
4.992742 0.268199 
-4.992742 -0.268199 
4.992621 0.270432 
-4.992621 -0.270432 
4.992499 0.272665 
-4.992499 -0.272665 
4.992376 0.274898 
-4.992376 -0.274898 
4.992252 0.277130 
-4.992252 -0.277130 
4.992127 0.279363 
-4.992127 -0.279363 
4.992001 0.281595 
-4.992001 -0.281595 
4.991874 0.283828 
-4.991874 -0.283828 
4.991746 0.286060 
-4.991746 -0.286060 
4.991618 0.288293 
-4.991618 -0.288293 
4.991488 0.290525 
-4.991488 -0.290525 
4.991357 0.292757 
-4.991357 -0.292757 
4.991225 0.294989 
-4.991225 -0.294989 
4.991092 0.297222 
-4.991092 -0.297222 
4.990958 0.299454 
-4.990958 -0.299454 
4.990823 0.301686 
-4.990823 -0.301686 
4.990687 0.303918 
-4.990687 -0.303918 
4.990550 0.306150 
-4.990550 -0.306150 
4.990412 0.308381 
-4.990412 -0.308381 
4.990273 0.310613 
-4.990273 -0.310613 
4.990134 0.312845 
-4.990134 -0.312845 
4.989993 0.315077 
-4.989993 -0.315077 
4.989851 0.317308 
-4.989851 -0.317308 
4.989707 0.319540 
-4.989707 -0.319540 
4.989563 0.321771 
-4.989563 -0.321771 
4.989419 0.324003 
-4.989419 -0.324003 
4.989273 0.326234 
-4.989273 -0.326234 
4.989126 0.328465 
-4.989126 -0.328465 
4.988978 0.330696 
-4.988978 -0.330696 
4.988829 0.332928 
-4.988829 -0.332928 
4.988679 0.335159 
-4.988679 -0.335159 
4.988529 0.337390 
-4.988529 -0.337390 
4.988377 0.339621 
-4.988377 -0.339621 
4.988224 0.341851 
-4.988224 -0.341851 
4.988070 0.344082 
-4.988070 -0.344082 
4.987915 0.346313 
-4.987915 -0.346313 
4.987759 0.348544 
-4.987759 -0.348544 
4.987602 0.350774 
-4.987602 -0.350774 
4.987444 0.353005 
-4.987444 -0.353005 
4.987285 0.355235 
-4.987285 -0.355235 
4.987125 0.357466 
-4.987125 -0.357466 
4.986965 0.359696 
-4.986965 -0.359696 
4.986803 0.361926 
-4.986803 -0.361926 
4.986640 0.364156 
-4.986640 -0.364156 
4.986476 0.366386 
-4.986476 -0.366386 
4.986311 0.368616 
-4.986311 -0.368616 
4.986145 0.370846 
-4.986145 -0.370846 
4.985978 0.373076 
-4.985978 -0.373076 
4.985810 0.375306 
-4.985810 -0.375306 
4.985641 0.377536 
-4.985641 -0.377536 
4.985472 0.379765 
-4.985472 -0.379765 
4.985301 0.381995 
-4.985301 -0.381995 
4.985129 0.384224 
-4.985129 -0.384224 
4.984957 0.386454 
-4.984957 -0.386454 
4.984783 0.388683 
-4.984783 -0.388683 
4.984608 0.390912 
-4.984608 -0.390912 
4.984432 0.393142 
-4.984432 -0.393142 
4.984255 0.395371 
-4.984255 -0.395371 
4.984077 0.397600 
-4.984077 -0.397600 
4.983898 0.399829 
-4.983898 -0.399829 
4.983718 0.402058 
-4.983718 -0.402058 
4.983538 0.404286 
-4.983538 -0.404286 
4.983356 0.406515 
-4.983356 -0.406515 
4.983173 0.408744 
-4.983173 -0.408744 
4.982990 0.410972 
-4.982990 -0.410972 
4.982805 0.413201 
-4.982805 -0.413201 
4.982619 0.415429 
-4.982619 -0.415429 
4.982432 0.417657 
-4.982432 -0.417657 
4.982244 0.419886 
-4.982244 -0.419886 
4.982055 0.422114 
-4.982055 -0.422114 
4.981865 0.424342 
-4.981865 -0.424342 
4.981675 0.426570 
-4.981675 -0.426570 
4.981483 0.428798 
-4.981483 -0.428798 
4.981290 0.431025 
-4.981290 -0.431025 
4.981097 0.433253 
-4.981097 -0.433253 
4.980902 0.435481 
-4.980902 -0.435481 
4.980706 0.437708 
-4.980706 -0.437708 
4.980509 0.439936 
-4.980509 -0.439936 
4.980311 0.442163 
-4.980311 -0.442163 
4.980113 0.444390 
-4.980113 -0.444390 
4.979913 0.446617 
-4.979913 -0.446617 
4.979712 0.448844 
-4.979712 -0.448844 
4.979510 0.451071 
-4.979510 -0.451071 
4.979308 0.453298 
-4.979308 -0.453298 
4.979104 0.455525 
-4.979104 -0.455525 
4.978899 0.457752 
-4.978899 -0.457752 
4.978694 0.459978 
-4.978694 -0.459978 
4.978487 0.462205 
-4.978487 -0.462205 
4.978279 0.464431 
-4.978279 -0.464431 
4.978070 0.466658 
-4.978070 -0.466658 
4.977860 0.468884 
-4.977860 -0.468884 
4.977650 0.471110 
-4.977650 -0.471110 
4.977438 0.473336 
-4.977438 -0.473336 
4.977225 0.475562 
-4.977225 -0.475562 
4.977012 0.477788 
-4.977012 -0.477788 
4.976797 0.480014 
-4.976797 -0.480014 
4.976582 0.482240 
-4.976582 -0.482240 
4.976365 0.484465 
-4.976365 -0.484465 
4.976148 0.486691 
-4.976148 -0.486691 
4.975929 0.488916 
-4.975929 -0.488916 
4.975709 0.491141 
-4.975709 -0.491141 
4.975488 0.493367 
-4.975488 -0.493367 
4.975266 0.495592 
-4.975266 -0.495592 
4.975044 0.497817 
-4.975044 -0.497817 
4.974820 0.500042 
-4.974820 -0.500042 
4.974596 0.502266 
-4.974596 -0.502266 
4.974370 0.504491 
-4.974370 -0.504491 
4.974144 0.506716 
-4.974144 -0.506716 
4.973916 0.508940 
-4.973916 -0.508940 
4.973688 0.511165 
-4.973688 -0.511165 
4.973458 0.513389 
-4.973458 -0.513389 
4.973227 0.515613 
-4.973227 -0.515613 
4.972995 0.517837 
-4.972995 -0.517837 
4.972763 0.520061 
-4.972763 -0.520061 
4.972529 0.522285 
-4.972529 -0.522285 
4.972294 0.524509 
-4.972294 -0.524509 
4.972059 0.526733 
-4.972059 -0.526733 
4.971822 0.528956 
-4.971822 -0.528956 
4.971585 0.531180 
-4.971585 -0.531180 
4.971346 0.533403 
-4.971346 -0.533403 
4.971107 0.535626 
-4.971107 -0.535626 
4.970867 0.537849 
-4.970867 -0.537849 
4.970625 0.540072 
-4.970625 -0.540072 
4.970382 0.542295 
-4.970382 -0.542295 
4.970139 0.544518 
-4.970139 -0.544518 
4.969894 0.546741 
-4.969894 -0.546741 
4.969648 0.548963 
-4.969648 -0.548963 
4.969402 0.551186 
-4.969402 -0.551186 
4.969154 0.553408 
-4.969154 -0.553408 
4.968906 0.555631 
-4.968906 -0.555631 
4.968657 0.557853 
-4.968657 -0.557853 
4.968406 0.560075 
-4.968406 -0.560075 
4.968155 0.562297 
-4.968155 -0.562297 
4.967903 0.564519 
-4.967903 -0.564519 
4.967649 0.566740 
-4.967649 -0.566740 
4.967394 0.568962 
-4.967394 -0.568962 
4.967139 0.571183 
-4.967139 -0.571183 
4.966882 0.573405 
-4.966882 -0.573405 
4.966625 0.575626 
-4.966625 -0.575626 
4.966366 0.577847 
-4.966366 -0.577847 
4.966107 0.580068 
-4.966107 -0.580068 
4.965847 0.582289 
-4.965847 -0.582289 
4.965585 0.584510 
-4.965585 -0.584510 
4.965323 0.586731 
-4.965323 -0.586731 
4.965060 0.588951 
-4.965060 -0.588951 
4.964796 0.591172 
-4.964796 -0.591172 
4.964530 0.593392 
-4.964530 -0.593392 
4.964263 0.595612 
-4.964263 -0.595612 
4.963996 0.597832 
-4.963996 -0.597832 
4.963727 0.600052 
-4.963727 -0.600052 
4.963458 0.602272 
-4.963458 -0.602272 
4.963188 0.604492 
-4.963188 -0.604492 
4.962916 0.606711 
-4.962916 -0.606711 
4.962644 0.608931 
-4.962644 -0.608931 
4.962371 0.611150 
-4.962371 -0.611150 
4.962097 0.613370 
-4.962097 -0.613370 
4.961822 0.615589 
-4.961822 -0.615589 
4.961545 0.617808 
-4.961545 -0.617808 
4.961268 0.620027 
-4.961268 -0.620027 
4.960989 0.622245 
-4.960989 -0.622245 
4.960710 0.624464 
-4.960710 -0.624464 
4.960430 0.626682 
-4.960430 -0.626682 
4.960148 0.628901 
-4.960148 -0.628901 
4.959866 0.631119 
-4.959866 -0.631119 
4.959583 0.633337 
-4.959583 -0.633337 
4.959299 0.635555 
-4.959299 -0.635555 
4.959013 0.637773 
-4.959013 -0.637773 
4.958727 0.639991 
-4.958727 -0.639991 
4.958440 0.642208 
-4.958440 -0.642208 
4.958152 0.644426 
-4.958152 -0.644426 
4.957863 0.646643 
-4.957863 -0.646643 
4.957573 0.648860 
-4.957573 -0.648860 
4.957282 0.651078 
-4.957282 -0.651078 
4.956989 0.653294 
-4.956989 -0.653294 
4.956696 0.655511 
-4.956696 -0.655511 
4.956402 0.657728 
-4.956402 -0.657728 
4.956107 0.659945 
-4.956107 -0.659945 
4.955811 0.662161 
-4.955811 -0.662161 
4.955513 0.664377 
-4.955513 -0.664377 
4.955215 0.666593 
-4.955215 -0.666593 
4.954916 0.668809 
-4.954916 -0.668809 
4.954617 0.671025 
-4.954617 -0.671025 
4.954316 0.673241 
-4.954316 -0.673241 
4.954013 0.675457 
-4.954013 -0.675457 
4.953710 0.677672 
-4.953710 -0.677672 
4.953406 0.679888 
-4.953406 -0.679888 
4.953101 0.682103 
-4.953101 -0.682103 
4.952795 0.684318 
-4.952795 -0.684318 
4.952487 0.686533 
-4.952487 -0.686533 
4.952179 0.688748 
-4.952179 -0.688748 
4.951870 0.690962 
-4.951870 -0.690962 
4.951560 0.693177 
-4.951560 -0.693177 
4.951250 0.695391 
-4.951250 -0.695391 
4.950938 0.697606 
-4.950938 -0.697606 
4.950625 0.699820 
-4.950625 -0.699820 
4.950311 0.702034 
-4.950311 -0.702034 
4.949996 0.704248 
-4.949996 -0.704248 
4.949680 0.706461 
-4.949680 -0.706461 
4.949363 0.708675 
-4.949363 -0.708675 
4.949045 0.710888 
-4.949045 -0.710888 
4.948726 0.713102 
-4.948726 -0.713102 
4.948406 0.715315 
-4.948406 -0.715315 
4.948085 0.717528 
-4.948085 -0.717528 
4.947763 0.719741 
-4.947763 -0.719741 
4.947440 0.721953 
-4.947440 -0.721953 
4.947116 0.724166 
-4.947116 -0.724166 
4.946792 0.726378 
-4.946792 -0.726378 
4.946466 0.728590 
-4.946466 -0.728590 
4.946139 0.730803 
-4.946139 -0.730803 
4.945811 0.733015 
-4.945811 -0.733015 
4.945482 0.735226 
-4.945482 -0.735226 
4.945152 0.737438 
-4.945152 -0.737438 
4.944821 0.739650 
-4.944821 -0.739650 
4.944489 0.741861 
-4.944489 -0.741861 
4.944157 0.744072 
-4.944157 -0.744072 
4.943823 0.746283 
-4.943823 -0.746283 
4.943488 0.748494 
-4.943488 -0.748494 
4.943152 0.750705 
-4.943152 -0.750705 
4.942816 0.752916 
-4.942816 -0.752916 
4.942478 0.755126 
-4.942478 -0.755126 
4.942140 0.757336 
-4.942140 -0.757336 
4.941800 0.759547 
-4.941800 -0.759547 
4.941460 0.761757 
-4.941460 -0.761757 
4.941118 0.763967 
-4.941118 -0.763967 
4.940775 0.766176 
-4.940775 -0.766176 
4.940431 0.768386 
-4.940431 -0.768386 
4.940086 0.770595 
-4.940086 -0.770595 
4.939741 0.772805 
-4.939741 -0.772805 
4.939394 0.775014 
-4.939394 -0.775014 
4.939046 0.777223 
-4.939046 -0.777223 
4.938698 0.779431 
-4.938698 -0.779431 
4.938348 0.781640 
-4.938348 -0.781640 
4.937998 0.783849 
-4.937998 -0.783849 
4.937646 0.786057 
-4.937646 -0.786057 
4.937294 0.788265 
-4.937294 -0.788265 
4.936941 0.790473 
-4.936941 -0.790473 
4.936586 0.792681 
-4.936586 -0.792681 
4.936231 0.794889 
-4.936231 -0.794889 
4.935874 0.797096 
-4.935874 -0.797096 
4.935516 0.799304 
-4.935516 -0.799304 
4.935158 0.801511 
-4.935158 -0.801511 
4.934798 0.803718 
-4.934798 -0.803718 
4.934438 0.805925 
-4.934438 -0.805925 
4.934076 0.808132 
-4.934076 -0.808132 
4.933714 0.810338 
-4.933714 -0.810338 
4.933351 0.812545 
-4.933351 -0.812545 
4.932986 0.814751 
-4.932986 -0.814751 
4.932621 0.816957 
-4.932621 -0.816957 
4.932255 0.819163 
-4.932255 -0.819163 
4.931888 0.821369 
-4.931888 -0.821369 
4.931520 0.823574 
-4.931520 -0.823574 
4.931150 0.825780 
-4.931150 -0.825780 
4.930779 0.827985 
-4.930779 -0.827985 
4.930408 0.830190 
-4.930408 -0.830190 
4.930036 0.832395 
-4.930036 -0.832395 
4.929662 0.834600 
-4.929662 -0.834600 
4.929288 0.836804 
-4.929288 -0.836804 
4.928913 0.839009 
-4.928913 -0.839009 
4.928536 0.841213 
-4.928536 -0.841213 
4.928159 0.843417 
-4.928159 -0.843417 
4.927781 0.845621 
-4.927781 -0.845621 
4.927402 0.847825 
-4.927402 -0.847825 
4.927022 0.850029 
-4.927022 -0.850029 
4.926641 0.852232 
-4.926641 -0.852232 
4.926259 0.854435 
-4.926259 -0.854435 
4.925876 0.856638 
-4.925876 -0.856638 
4.925492 0.858841 
-4.925492 -0.858841 
4.925107 0.861044 
-4.925107 -0.861044 
4.924720 0.863247 
-4.924720 -0.863247 
4.924333 0.865449 
-4.924333 -0.865449 
4.923945 0.867651 
-4.923945 -0.867651 
4.923556 0.869853 
-4.923556 -0.869853 
4.923166 0.872055 
-4.923166 -0.872055 
4.922775 0.874257 
-4.922775 -0.874257 
4.922383 0.876458 
-4.922383 -0.876458 
4.921990 0.878660 
-4.921990 -0.878660 
4.921596 0.880861 
-4.921596 -0.880861 
4.921201 0.883062 
-4.921201 -0.883062 
4.920805 0.885263 
-4.920805 -0.885263 
4.920409 0.887463 
-4.920409 -0.887463 
4.920011 0.889664 
-4.920011 -0.889664 
4.919612 0.891864 
-4.919612 -0.891864 
4.919212 0.894064 
-4.919212 -0.894064 
4.918811 0.896264 
-4.918811 -0.896264 
4.918409 0.898464 
-4.918409 -0.898464 
4.918006 0.900664 
-4.918006 -0.900664 
4.917602 0.902863 
-4.917602 -0.902863 
4.917197 0.905062 
-4.917197 -0.905062 
4.916791 0.907261 
-4.916791 -0.907261 
4.916385 0.909460 
-4.916385 -0.909460 
4.915977 0.911659 
-4.915977 -0.911659 
4.915568 0.913857 
-4.915568 -0.913857 
4.915159 0.916056 
-4.915159 -0.916056 
4.914748 0.918254 
-4.914748 -0.918254 
4.914337 0.920452 
-4.914337 -0.920452 
4.913924 0.922649 
-4.913924 -0.922649 
4.913511 0.924847 
-4.913511 -0.924847 
4.913096 0.927044 
-4.913096 -0.927044 
4.912680 0.929242 
-4.912680 -0.929242 
4.912263 0.931439 
-4.912263 -0.931439 
4.911846 0.933635 
-4.911846 -0.933635 
4.911427 0.935832 
-4.911427 -0.935832 
4.911007 0.938029 
-4.911007 -0.938029 
4.910587 0.940225 
-4.910587 -0.940225 
4.910165 0.942421 
-4.910165 -0.942421 
4.909743 0.944617 
-4.909743 -0.944617 
4.909319 0.946813 
-4.909319 -0.946813 
4.908895 0.949008 
-4.908895 -0.949008 
4.908470 0.951203 
-4.908470 -0.951203 
4.908043 0.953398 
-4.908043 -0.953398 
4.907616 0.955593 
-4.907616 -0.955593 
4.907188 0.957788 
-4.907188 -0.957788 
4.906759 0.959983 
-4.906759 -0.959983 
4.906329 0.962177 
-4.906329 -0.962177 
4.905897 0.964371 
-4.905897 -0.964371 
4.905465 0.966565 
-4.905465 -0.966565 
4.905031 0.968759 
-4.905031 -0.968759 
4.904597 0.970953 
-4.904597 -0.970953 
4.904161 0.973146 
-4.904161 -0.973146 
4.903725 0.975339 
-4.903725 -0.975339 
4.903288 0.977532 
-4.903288 -0.977532 
4.902850 0.979725 
-4.902850 -0.979725 
4.902411 0.981918 
-4.902411 -0.981918 
4.901970 0.984110 
-4.901970 -0.984110 
4.901529 0.986302 
-4.901529 -0.986302 
4.901087 0.988494 
-4.901087 -0.988494 
4.900644 0.990686 
-4.900644 -0.990686 
4.900200 0.992878 
-4.900200 -0.992878 
4.899755 0.995069 
-4.899755 -0.995069 
4.899310 0.997260 
-4.899310 -0.997260 
4.898863 0.999451 
-4.898863 -0.999451 
4.898415 1.001642 
-4.898415 -1.001642 
4.897966 1.003833 
-4.897966 -1.003833 
4.897516 1.006023 
-4.897516 -1.006023 
4.897065 1.008214 
-4.897065 -1.008214 
4.896613 1.010404 
-4.896613 -1.010404 
4.896160 1.012594 
-4.896160 -1.012594 
4.895706 1.014783 
-4.895706 -1.014783 
4.895251 1.016973 
-4.895251 -1.016973 
4.894795 1.019162 
-4.894795 -1.019162 
4.894338 1.021351 
-4.894338 -1.021351 
4.893880 1.023540 
-4.893880 -1.023540 
4.893422 1.025728 
-4.893422 -1.025728 
4.892962 1.027917 
-4.892962 -1.027917 
4.892501 1.030105 
-4.892501 -1.030105 
4.892040 1.032293 
-4.892040 -1.032293 
4.891577 1.034481 
-4.891577 -1.034481 
4.891114 1.036668 
-4.891114 -1.036668 
4.890649 1.038856 
-4.890649 -1.038856 
4.890184 1.041043 
-4.890184 -1.041043 
4.889718 1.043230 
-4.889718 -1.043230 
4.889250 1.045416 
-4.889250 -1.045416 
4.888781 1.047603 
-4.888781 -1.047603 
4.888311 1.049789 
-4.888311 -1.049789 
4.887841 1.051975 
-4.887841 -1.051975 
4.887369 1.054161 
-4.887369 -1.054161 
4.886897 1.056347 
-4.886897 -1.056347 
4.886423 1.058532 
-4.886423 -1.058532 
4.885949 1.060718 
-4.885949 -1.060718 
4.885473 1.062903 
-4.885473 -1.062903 
4.884997 1.065088 
-4.884997 -1.065088 
4.884520 1.067272 
-4.884520 -1.067272 
4.884041 1.069457 
-4.884041 -1.069457 
4.883562 1.071641 
-4.883562 -1.071641 
4.883082 1.073825 
-4.883082 -1.073825 
4.882601 1.076009 
-4.882601 -1.076009 
4.882119 1.078192 
-4.882119 -1.078192 
4.881636 1.080375 
-4.881636 -1.080375 
4.881152 1.082559 
-4.881152 -1.082559 
4.880667 1.084741 
-4.880667 -1.084741 
4.880181 1.086924 
-4.880181 -1.086924 
4.879694 1.089107 
-4.879694 -1.089107 
4.879205 1.091289 
-4.879205 -1.091289 
4.878716 1.093471 
-4.878716 -1.093471 
4.878226 1.095653 
-4.878226 -1.095653 
4.877735 1.097834 
-4.877735 -1.097834 
4.877243 1.100016 
-4.877243 -1.100016 
4.876750 1.102197 
-4.876750 -1.102197 
4.876256 1.104378 
-4.876256 -1.104378 
4.875761 1.106559 
-4.875761 -1.106559 
4.875265 1.108739 
-4.875265 -1.108739 
4.874768 1.110919 
-4.874768 -1.110919 
4.874270 1.113099 
-4.874270 -1.113099 
4.873771 1.115279 
-4.873771 -1.115279 
4.873271 1.117459 
-4.873271 -1.117459 
4.872771 1.119638 
-4.872771 -1.119638 
4.872269 1.121817 
-4.872269 -1.121817 
4.871767 1.123996 
-4.871767 -1.123996 
4.871263 1.126175 
-4.871263 -1.126175 
4.870759 1.128354 
-4.870759 -1.128354 
4.870253 1.130532 
-4.870253 -1.130532 
4.869747 1.132710 
-4.869747 -1.132710 
4.869239 1.134888 
-4.869239 -1.134888 
4.868731 1.137065 
-4.868731 -1.137065 
4.868221 1.139243 
-4.868221 -1.139243 
4.867710 1.141420 
-4.867710 -1.141420 
4.867198 1.143597 
-4.867198 -1.143597 
4.866686 1.145773 
-4.866686 -1.145773 
4.866172 1.147950 
-4.866172 -1.147950 
4.865658 1.150126 
-4.865658 -1.150126 
4.865142 1.152302 
-4.865142 -1.152302 
4.864626 1.154478 
-4.864626 -1.154478 
4.864109 1.156653 
-4.864109 -1.156653 
4.863590 1.158829 
-4.863590 -1.158829 
4.863071 1.161004 
-4.863071 -1.161004 
4.862551 1.163179 
-4.862551 -1.163179 
4.862030 1.165353 
-4.862030 -1.165353 
4.861507 1.167528 
-4.861507 -1.167528 
4.860984 1.169702 
-4.860984 -1.169702 
4.860460 1.171876 
-4.860460 -1.171876 
4.859935 1.174049 
-4.859935 -1.174049 
4.859409 1.176223 
-4.859409 -1.176223 
4.858882 1.178396 
-4.858882 -1.178396 
4.858355 1.180569 
-4.858355 -1.180569 
4.857826 1.182742 
-4.857826 -1.182742 
4.857296 1.184914 
-4.857296 -1.184914 
4.856765 1.187086 
-4.856765 -1.187086 
4.856234 1.189258 
-4.856234 -1.189258 
4.855700 1.191430 
-4.855700 -1.191430 
4.855166 1.193601 
-4.855166 -1.193601 
4.854631 1.195773 
-4.854631 -1.195773 
4.854095 1.197944 
-4.854095 -1.197944 
4.853559 1.200115 
-4.853559 -1.200115 
4.853021 1.202285 
-4.853021 -1.202285 
4.852482 1.204455 
-4.852482 -1.204455 
4.851942 1.206626 
-4.851942 -1.206626 
4.851401 1.208795 
-4.851401 -1.208795 
4.850860 1.210965 
-4.850860 -1.210965 
4.850317 1.213134 
-4.850317 -1.213134 
4.849773 1.215304 
-4.849773 -1.215304 
4.849229 1.217472 
-4.849229 -1.217472 
4.848683 1.219641 
-4.848683 -1.219641 
4.848137 1.221810 
-4.848137 -1.221810 
4.847589 1.223978 
-4.847589 -1.223978 
4.847041 1.226146 
-4.847041 -1.226146 
4.846492 1.228313 
-4.846492 -1.228313 
4.845942 1.230481 
-4.845942 -1.230481 
4.845390 1.232648 
-4.845390 -1.232648 
4.844838 1.234815 
-4.844838 -1.234815 
4.844285 1.236982 
-4.844285 -1.236982 
4.843731 1.239148 
-4.843731 -1.239148 
4.843176 1.241314 
-4.843176 -1.241314 
4.842620 1.243480 
-4.842620 -1.243480 
4.842063 1.245646 
-4.842063 -1.245646 
4.841505 1.247811 
-4.841505 -1.247811 
4.840946 1.249976 
-4.840946 -1.249976 
4.840386 1.252141 
-4.840386 -1.252141 
4.839826 1.254306 
-4.839826 -1.254306 
4.839263 1.256470 
-4.839263 -1.256470 
4.838700 1.258635 
-4.838700 -1.258635 
4.838136 1.260798 
-4.838136 -1.260798 
4.837571 1.262962 
-4.837571 -1.262962 
4.837005 1.265126 
-4.837005 -1.265126 
4.836438 1.267289 
-4.836438 -1.267289 
4.835870 1.269452 
-4.835870 -1.269452 
4.835301 1.271614 
-4.835301 -1.271614 
4.834732 1.273777 
-4.834732 -1.273777 
4.834161 1.275939 
-4.834161 -1.275939 
4.833589 1.278101 
-4.833589 -1.278101 
4.833016 1.280262 
-4.833016 -1.280262 
4.832443 1.282424 
-4.832443 -1.282424 
4.831868 1.284585 
-4.831868 -1.284585 
4.831293 1.286746 
-4.831293 -1.286746 
4.830716 1.288906 
-4.830716 -1.288906 
4.830139 1.291067 
-4.830139 -1.291067 
4.829560 1.293227 
-4.829560 -1.293227 
4.828981 1.295387 
-4.828981 -1.295387 
4.828401 1.297546 
-4.828401 -1.297546 
4.827819 1.299706 
-4.827819 -1.299706 
4.827237 1.301865 
-4.827237 -1.301865 
4.826654 1.304024 
-4.826654 -1.304024 
4.826070 1.306182 
-4.826070 -1.306182 
4.825485 1.308340 
-4.825485 -1.308340 
4.824899 1.310498 
-4.824899 -1.310498 
4.824312 1.312656 
-4.824312 -1.312656 
4.823724 1.314814 
-4.823724 -1.314814 
4.823135 1.316971 
-4.823135 -1.316971 
4.822545 1.319128 
-4.822545 -1.319128 
4.821954 1.321285 
-4.821954 -1.321285 
4.821362 1.323441 
-4.821362 -1.323441 
4.820770 1.325597 
-4.820770 -1.325597 
4.820176 1.327753 
-4.820176 -1.327753 
4.819582 1.329909 
-4.819582 -1.329909 
4.818986 1.332064 
-4.818986 -1.332064 
4.818389 1.334219 
-4.818389 -1.334219 
4.817792 1.336374 
-4.817792 -1.336374 
4.817194 1.338529 
-4.817194 -1.338529 
4.816594 1.340683 
-4.816594 -1.340683 
4.815993 1.342837 
-4.815993 -1.342837 
4.815391 1.344991 
-4.815391 -1.344991 
4.814788 1.347144 
-4.814788 -1.347144 
4.814185 1.349298 
-4.814185 -1.349298 
4.813580 1.351450 
-4.813580 -1.351450 
4.812974 1.353603 
-4.812974 -1.353603 
4.812368 1.355756 
-4.812368 -1.355756 
4.811760 1.357908 
-4.811760 -1.357908 
4.811152 1.360060 
-4.811152 -1.360060 
4.810543 1.362211 
-4.810543 -1.362211 
4.809932 1.364363 
-4.809932 -1.364363 
4.809321 1.366514 
-4.809321 -1.366514 
4.808709 1.368664 
-4.808709 -1.368664 
4.808095 1.370815 
-4.808095 -1.370815 
4.807481 1.372965 
-4.807481 -1.372965 
4.806866 1.375115 
-4.806866 -1.375115 
4.806250 1.377265 
-4.806250 -1.377265 
4.805633 1.379414 
-4.805633 -1.379414 
4.805015 1.381563 
-4.805015 -1.381563 
4.804396 1.383712 
-4.804396 -1.383712 
4.803776 1.385861 
-4.803776 -1.385861 
4.803155 1.388009 
-4.803155 -1.388009 
4.802534 1.390157 
-4.802534 -1.390157 
4.801911 1.392305 
-4.801911 -1.392305 
4.801287 1.394452 
-4.801287 -1.394452 
4.800663 1.396600 
-4.800663 -1.396600 
4.800037 1.398747 
-4.800037 -1.398747 
4.799410 1.400893 
-4.799410 -1.400893 
4.798783 1.403040 
-4.798783 -1.403040 
4.798154 1.405186 
-4.798154 -1.405186 
4.797525 1.407331 
-4.797525 -1.407331 
4.796895 1.409477 
-4.796895 -1.409477 
4.796263 1.411622 
-4.796263 -1.411622 
4.795631 1.413767 
-4.795631 -1.413767 
4.794998 1.415912 
-4.794998 -1.415912 
4.794363 1.418056 
-4.794363 -1.418056 
4.793728 1.420200 
-4.793728 -1.420200 
4.793092 1.422344 
-4.793092 -1.422344 
4.792455 1.424488 
-4.792455 -1.424488 
4.791817 1.426631 
-4.791817 -1.426631 
4.791178 1.428774 
-4.791178 -1.428774 
4.790538 1.430916 
-4.790538 -1.430916 
4.789897 1.433059 
-4.789897 -1.433059 
4.789256 1.435201 
-4.789256 -1.435201 
4.788613 1.437343 
-4.788613 -1.437343 
4.787969 1.439484 
-4.787969 -1.439484 
4.787324 1.441625 
-4.787324 -1.441625 
4.786679 1.443766 
-4.786679 -1.443766 
4.786032 1.445907 
-4.786032 -1.445907 
4.785385 1.448048 
-4.785385 -1.448048 
4.784736 1.450188 
-4.784736 -1.450188 
4.784087 1.452327 
-4.784087 -1.452327 
4.783436 1.454467 
-4.783436 -1.454467 
4.782785 1.456606 
-4.782785 -1.456606 
4.782133 1.458745 
-4.782133 -1.458745 
4.781479 1.460884 
-4.781479 -1.460884 
4.780825 1.463022 
-4.780825 -1.463022 
4.780170 1.465160 
-4.780170 -1.465160 
4.779514 1.467298 
-4.779514 -1.467298 
4.778857 1.469435 
-4.778857 -1.469435 
4.778199 1.471572 
-4.778199 -1.471572 
4.777540 1.473709 
-4.777540 -1.473709 
4.776880 1.475846 
-4.776880 -1.475846 
4.776219 1.477982 
-4.776219 -1.477982 
4.775557 1.480118 
-4.775557 -1.480118 
4.774894 1.482254 
-4.774894 -1.482254 
4.774230 1.484389 
-4.774230 -1.484389 
4.773566 1.486524 
-4.773566 -1.486524 
4.772900 1.488659 
-4.772900 -1.488659 
4.772233 1.490793 
-4.772233 -1.490793 
4.771566 1.492928 
-4.771566 -1.492928 
4.770897 1.495061 
-4.770897 -1.495061 
4.770228 1.497195 
-4.770228 -1.497195 
4.769557 1.499328 
-4.769557 -1.499328 
4.768886 1.501461 
-4.768886 -1.501461 
4.768214 1.503594 
-4.768214 -1.503594 
4.767540 1.505726 
-4.767540 -1.505726 
4.766866 1.507858 
-4.766866 -1.507858 
4.766191 1.509990 
-4.766191 -1.509990 
4.765515 1.512122 
-4.765515 -1.512122 
4.764838 1.514253 
-4.764838 -1.514253 
4.764160 1.516384 
-4.764160 -1.516384 
4.763481 1.518514 
-4.763481 -1.518514 
4.762801 1.520645 
-4.762801 -1.520645 
4.762120 1.522775 
-4.762120 -1.522775 
4.761438 1.524904 
-4.761438 -1.524904 
4.760755 1.527034 
-4.760755 -1.527034 
4.760071 1.529163 
-4.760071 -1.529163 
4.759387 1.531291 
-4.759387 -1.531291 
4.758701 1.533420 
-4.758701 -1.533420 
4.758014 1.535548 
-4.758014 -1.535548 
4.757327 1.537676 
-4.757327 -1.537676 
4.756638 1.539804 
-4.756638 -1.539804 
4.755949 1.541931 
-4.755949 -1.541931 
4.755258 1.544058 
-4.755258 -1.544058 
4.754567 1.546184 
-4.754567 -1.546184 
4.753874 1.548311 
-4.753874 -1.548311 
4.753181 1.550436 
-4.753181 -1.550436 
4.752487 1.552562 
-4.752487 -1.552562 
4.751791 1.554688 
-4.751791 -1.554688 
4.751095 1.556813 
-4.751095 -1.556813 
4.750398 1.558937 
-4.750398 -1.558937 
4.749700 1.561062 
-4.749700 -1.561062 
4.749001 1.563186 
-4.749001 -1.563186 
4.748301 1.565310 
-4.748301 -1.565310 
4.747600 1.567433 
-4.747600 -1.567433 
4.746898 1.569556 
-4.746898 -1.569556 
4.746195 1.571679 
-4.746195 -1.571679 
4.745492 1.573802 
-4.745492 -1.573802 
4.744787 1.575924 
-4.744787 -1.575924 
4.744081 1.578046 
-4.744081 -1.578046 
4.743374 1.580168 
-4.743374 -1.580168 
4.742667 1.582289 
-4.742667 -1.582289 
4.741958 1.584410 
-4.741958 -1.584410 
4.741249 1.586530 
-4.741249 -1.586530 
4.740538 1.588651 
-4.740538 -1.588651 
4.739827 1.590771 
-4.739827 -1.590771 
4.739114 1.592891 
-4.739114 -1.592891 
4.738401 1.595010 
-4.738401 -1.595010 
4.737687 1.597129 
-4.737687 -1.597129 
4.736971 1.599248 
-4.736971 -1.599248 
4.736255 1.601366 
-4.736255 -1.601366 
4.735538 1.603484 
-4.735538 -1.603484 
4.734820 1.605602 
-4.734820 -1.605602 
4.734101 1.607720 
-4.734101 -1.607720 
4.733381 1.609837 
-4.733381 -1.609837 
4.732660 1.611953 
-4.732660 -1.611953 
4.731938 1.614070 
-4.731938 -1.614070 
4.731215 1.616186 
-4.731215 -1.616186 
4.730491 1.618302 
-4.730491 -1.618302 
4.729766 1.620417 
-4.729766 -1.620417 
4.729041 1.622533 
-4.729041 -1.622533 
4.728314 1.624648 
-4.728314 -1.624648 
4.727586 1.626762 
-4.727586 -1.626762 
4.726858 1.628876 
-4.726858 -1.628876 
4.726128 1.630990 
-4.726128 -1.630990 
4.725398 1.633104 
-4.725398 -1.633104 
4.724666 1.635217 
-4.724666 -1.635217 
4.723934 1.637330 
-4.723934 -1.637330 
4.723200 1.639443 
-4.723200 -1.639443 
4.722466 1.641555 
-4.722466 -1.641555 
4.721731 1.643667 
-4.721731 -1.643667 
4.720994 1.645778 
-4.720994 -1.645778 
4.720257 1.647890 
-4.720257 -1.647890 
4.719519 1.650001 
-4.719519 -1.650001 
4.718780 1.652111 
-4.718780 -1.652111 
4.718040 1.654221 
-4.718040 -1.654221 
4.717299 1.656331 
-4.717299 -1.656331 
4.716557 1.658441 
-4.716557 -1.658441 
4.715814 1.660550 
-4.715814 -1.660550 
4.715070 1.662659 
-4.715070 -1.662659 
4.714325 1.664768 
-4.714325 -1.664768 
4.713580 1.666876 
-4.713580 -1.666876 
4.712834 1.668984 
-4.712834 -1.668984 
4.712087 1.671092 
-4.712087 -1.671092 
4.711339 1.673199 
-4.711339 -1.673199 
4.710589 1.675306 
-4.710589 -1.675306 
4.709839 1.677413 
-4.709839 -1.677413 
4.709088 1.679519 
-4.709088 -1.679519 
4.708336 1.681625 
-4.708336 -1.681625 
4.707583 1.683730 
-4.707583 -1.683730 
4.706830 1.685836 
-4.706830 -1.685836 
4.706075 1.687941 
-4.706075 -1.687941 
4.705319 1.690045 
-4.705319 -1.690045 
4.704562 1.692150 
-4.704562 -1.692150 
4.703804 1.694254 
-4.703804 -1.694254 
4.703046 1.696357 
-4.703046 -1.696357 
4.702286 1.698460 
-4.702286 -1.698460 
4.701526 1.700563 
-4.701526 -1.700563 
4.700764 1.702666 
-4.700764 -1.702666 
4.700002 1.704768 
-4.700002 -1.704768 
4.699238 1.706870 
-4.699238 -1.706870 
4.698474 1.708972 
-4.698474 -1.708972 
4.697709 1.711073 
-4.697709 -1.711073 
4.696942 1.713174 
-4.696942 -1.713174 
4.696175 1.715274 
-4.696175 -1.715274 
4.695407 1.717374 
-4.695407 -1.717374 
4.694638 1.719474 
-4.694638 -1.719474 
4.693868 1.721574 
-4.693868 -1.721574 
4.693097 1.723673 
-4.693097 -1.723673 
4.692325 1.725772 
-4.692325 -1.725772 
4.691552 1.727870 
-4.691552 -1.727870 
4.690778 1.729968 
-4.690778 -1.729968 
4.690003 1.732066 
-4.690003 -1.732066 
4.689227 1.734163 
-4.689227 -1.734163 
4.688450 1.736260 
-4.688450 -1.736260 
4.687673 1.738357 
-4.687673 -1.738357 
4.686894 1.740453 
-4.686894 -1.740453 
4.686115 1.742550 
-4.686115 -1.742550 
4.685335 1.744645 
-4.685335 -1.744645 
4.684554 1.746741 
-4.684554 -1.746741 
4.683772 1.748836 
-4.683772 -1.748836 
4.682989 1.750930 
-4.682989 -1.750930 
4.682205 1.753024 
-4.682205 -1.753024 
4.681420 1.755118 
-4.681420 -1.755118 
4.680634 1.757212 
-4.680634 -1.757212 
4.679847 1.759305 
-4.679847 -1.759305 
4.679060 1.761398 
-4.679060 -1.761398 
4.678271 1.763490 
-4.678271 -1.763490 
4.677481 1.765583 
-4.677481 -1.765583 
4.676691 1.767674 
-4.676691 -1.767674 
4.675899 1.769766 
-4.675899 -1.769766 
4.675107 1.771857 
-4.675107 -1.771857 
4.674313 1.773948 
-4.674313 -1.773948 
4.673519 1.776038 
-4.673519 -1.776038 
4.672723 1.778128 
-4.672723 -1.778128 
4.671927 1.780218 
-4.671927 -1.780218 
4.671130 1.782307 
-4.671130 -1.782307 
4.670331 1.784396 
-4.670331 -1.784396 
4.669532 1.786485 
-4.669532 -1.786485 
4.668732 1.788573 
-4.668732 -1.788573 
4.667931 1.790661 
-4.667931 -1.790661 
4.667129 1.792749 
-4.667129 -1.792749 
4.666326 1.794836 
-4.666326 -1.794836 
4.665523 1.796923 
-4.665523 -1.796923 
4.664718 1.799009 
-4.664718 -1.799009 
4.663913 1.801096 
-4.663913 -1.801096 
4.663106 1.803181 
-4.663106 -1.803181 
4.662299 1.805267 
-4.662299 -1.805267 
4.661491 1.807352 
-4.661491 -1.807352 
4.660682 1.809436 
-4.660682 -1.809436 
4.659872 1.811521 
-4.659872 -1.811521 
4.659060 1.813605 
-4.659060 -1.813605 
4.658248 1.815688 
-4.658248 -1.815688 
4.657435 1.817771 
-4.657435 -1.817771 
4.656621 1.819854 
-4.656621 -1.819854 
4.655807 1.821937 
-4.655807 -1.821937 
4.654991 1.824019 
-4.654991 -1.824019 
4.654174 1.826100 
-4.654174 -1.826100 
4.653356 1.828182 
-4.653356 -1.828182 
4.652537 1.830263 
-4.652537 -1.830263 
4.651718 1.832344 
-4.651718 -1.832344 
4.650897 1.834424 
-4.650897 -1.834424 
4.650075 1.836504 
-4.650075 -1.836504 
4.649253 1.838583 
-4.649253 -1.838583 
4.648429 1.840663 
-4.648429 -1.840663 
4.647605 1.842741 
-4.647605 -1.842741 
4.646780 1.844820 
-4.646780 -1.844820 
4.645955 1.846898 
-4.645955 -1.846898 
4.645128 1.848976 
-4.645128 -1.848976 
4.644300 1.851053 
-4.644300 -1.851053 
4.643471 1.853130 
-4.643471 -1.853130 
4.642642 1.855207 
-4.642642 -1.855207 
4.641811 1.857283 
-4.641811 -1.857283 
4.640979 1.859359 
-4.640979 -1.859359 
4.640147 1.861434 
-4.640147 -1.861434 
4.639313 1.863509 
-4.639313 -1.863509 
4.638479 1.865584 
-4.638479 -1.865584 
4.637643 1.867658 
-4.637643 -1.867658 
4.636807 1.869732 
-4.636807 -1.869732 
4.635970 1.871806 
-4.635970 -1.871806 
4.635131 1.873879 
-4.635131 -1.873879 
4.634292 1.875952 
-4.634292 -1.875952 
4.633452 1.878025 
-4.633452 -1.878025 
4.632611 1.880097 
-4.632611 -1.880097 
4.631769 1.882169 
-4.631769 -1.882169 
4.630927 1.884240 
-4.630927 -1.884240 
4.630083 1.886311 
-4.630083 -1.886311 
4.629239 1.888382 
-4.629239 -1.888382 
4.628393 1.890452 
-4.628393 -1.890452 
4.627547 1.892522 
-4.627547 -1.892522 
4.626699 1.894591 
-4.626699 -1.894591 
4.625851 1.896660 
-4.625851 -1.896660 
4.625002 1.898729 
-4.625002 -1.898729 
4.624152 1.900797 
-4.624152 -1.900797 
4.623301 1.902865 
-4.623301 -1.902865 
4.622448 1.904933 
-4.622448 -1.904933 
4.621595 1.907000 
-4.621595 -1.907000 
4.620741 1.909067 
-4.620741 -1.909067 
4.619886 1.911133 
-4.619886 -1.911133 
4.619030 1.913199 
-4.619030 -1.913199 
4.618174 1.915265 
-4.618174 -1.915265 
4.617316 1.917330 
-4.617316 -1.917330 
4.616458 1.919395 
-4.616458 -1.919395 
4.615599 1.921460 
-4.615599 -1.921460 
4.614738 1.923524 
-4.614738 -1.923524 
4.613877 1.925588 
-4.613877 -1.925588 
4.613015 1.927651 
-4.613015 -1.927651 
4.612152 1.929714 
-4.612152 -1.929714 
4.611288 1.931777 
-4.611288 -1.931777 
4.610423 1.933839 
-4.610423 -1.933839 
4.609557 1.935901 
-4.609557 -1.935901 
4.608690 1.937962 
-4.608690 -1.937962 
4.607822 1.940023 
-4.607822 -1.940023 
4.606954 1.942084 
-4.606954 -1.942084 
4.606084 1.944144 
-4.606084 -1.944144 
4.605213 1.946204 
-4.605213 -1.946204 
4.604342 1.948264 
-4.604342 -1.948264 
4.603470 1.950323 
-4.603470 -1.950323 
4.602597 1.952381 
-4.602597 -1.952381 
4.601723 1.954440 
-4.601723 -1.954440 
4.600848 1.956498 
-4.600848 -1.956498 
4.599972 1.958555 
-4.599972 -1.958555 
4.599095 1.960612 
-4.599095 -1.960612 
4.598217 1.962669 
-4.598217 -1.962669 
4.597338 1.964725 
-4.597338 -1.964725 
4.596458 1.966781 
-4.596458 -1.966781 
4.595578 1.968837 
-4.595578 -1.968837 
4.594696 1.970892 
-4.594696 -1.970892 
4.593813 1.972947 
-4.593813 -1.972947 
4.592930 1.975001 
-4.592930 -1.975001 
4.592046 1.977055 
-4.592046 -1.977055 
4.591161 1.979109 
-4.591161 -1.979109 
4.590275 1.981162 
-4.590275 -1.981162 
4.589388 1.983215 
-4.589388 -1.983215 
4.588500 1.985267 
-4.588500 -1.985267 
4.587611 1.987319 
-4.587611 -1.987319 
4.586721 1.989371 
-4.586721 -1.989371 
4.585831 1.991422 
-4.585831 -1.991422 
4.584939 1.993473 
-4.584939 -1.993473 
4.584046 1.995524 
-4.584046 -1.995524 
4.583153 1.997574 
-4.583153 -1.997574 
4.582258 1.999623 
-4.582258 -1.999623 
4.581363 2.001673 
-4.581363 -2.001673 
4.580467 2.003721 
-4.580467 -2.003721 
4.579570 2.005770 
-4.579570 -2.005770 
4.578672 2.007818 
-4.578672 -2.007818 
4.577773 2.009865 
-4.577773 -2.009865 
4.576873 2.011913 
-4.576873 -2.011913 
4.575973 2.013959 
-4.575973 -2.013959 
4.575071 2.016006 
-4.575071 -2.016006 
4.574168 2.018052 
-4.574168 -2.018052 
4.573265 2.020097 
-4.573265 -2.020097 
4.572360 2.022143 
-4.572360 -2.022143 
4.571455 2.024188 
-4.571455 -2.024188 
4.570548 2.026232 
-4.570548 -2.026232 
4.569641 2.028276 
-4.569641 -2.028276 
4.568733 2.030319 
-4.568733 -2.030319 
4.567824 2.032363 
-4.567824 -2.032363 
4.566914 2.034405 
-4.566914 -2.034405 
4.566003 2.036448 
-4.566003 -2.036448 
4.565092 2.038490 
-4.565092 -2.038490 
4.564179 2.040531 
-4.564179 -2.040531 
4.563265 2.042572 
-4.563265 -2.042572 
4.562351 2.044613 
-4.562351 -2.044613 
4.561435 2.046654 
-4.561435 -2.046654 
4.560519 2.048693 
-4.560519 -2.048693 
4.559601 2.050733 
-4.559601 -2.050733 
4.558683 2.052772 
-4.558683 -2.052772 
4.557764 2.054811 
-4.557764 -2.054811 
4.556844 2.056849 
-4.556844 -2.056849 
4.555923 2.058887 
-4.555923 -2.058887 
4.555002 2.060924 
-4.555002 -2.060924 
4.554079 2.062961 
-4.554079 -2.062961 
4.553155 2.064998 
-4.553155 -2.064998 
4.552231 2.067034 
-4.552231 -2.067034 
4.551305 2.069070 
-4.551305 -2.069070 
4.550379 2.071105 
-4.550379 -2.071105 
4.549451 2.073140 
-4.549451 -2.073140 
4.548523 2.075175 
-4.548523 -2.075175 
4.547594 2.077209 
-4.547594 -2.077209 
4.546664 2.079243 
-4.546664 -2.079243 
4.545733 2.081276 
-4.545733 -2.081276 
4.544802 2.083309 
-4.544802 -2.083309 
4.543869 2.085341 
-4.543869 -2.085341 
4.542935 2.087373 
-4.542935 -2.087373 
4.542001 2.089405 
-4.542001 -2.089405 
4.541065 2.091436 
-4.541065 -2.091436 
4.540129 2.093467 
-4.540129 -2.093467 
4.539191 2.095498 
-4.539191 -2.095498 
4.538253 2.097528 
-4.538253 -2.097528 
4.537314 2.099557 
-4.537314 -2.099557 
4.536374 2.101586 
-4.536374 -2.101586 
4.535433 2.103615 
-4.535433 -2.103615 
4.534492 2.105643 
-4.534492 -2.105643 
4.533549 2.107671 
-4.533549 -2.107671 
4.532605 2.109699 
-4.532605 -2.109699 
4.531661 2.111726 
-4.531661 -2.111726 
4.530715 2.113752 
-4.530715 -2.113752 
4.529768 2.115778 
-4.529768 -2.115778 
4.528821 2.117804 
-4.528821 -2.117804 
4.527873 2.119829 
-4.527873 -2.119829 
4.526924 2.121854 
-4.526924 -2.121854 
4.525974 2.123879 
-4.525974 -2.123879 
4.525023 2.125903 
-4.525023 -2.125903 
4.524072 2.127926 
-4.524072 -2.127926 
4.523119 2.129950 
-4.523119 -2.129950 
4.522165 2.131972 
-4.522165 -2.131972 
4.521211 2.133995 
-4.521211 -2.133995 
4.520255 2.136017 
-4.520255 -2.136017 
4.519299 2.138038 
-4.519299 -2.138038 
4.518342 2.140059 
-4.518342 -2.140059 
4.517384 2.142080 
-4.517384 -2.142080 
4.516425 2.144100 
-4.516425 -2.144100 
4.515465 2.146120 
-4.515465 -2.146120 
4.514504 2.148139 
-4.514504 -2.148139 
4.513542 2.150158 
-4.513542 -2.150158 
4.512579 2.152177 
-4.512579 -2.152177 
4.511616 2.154195 
-4.511616 -2.154195 
4.510651 2.156212 
-4.510651 -2.156212 
4.509686 2.158230 
-4.509686 -2.158230 
4.508720 2.160246 
-4.508720 -2.160246 
